      0/49    0.442G   0.06693   0.01771   0.02348    0.1081        12       640   0.07224    0.1551   0.04658   0.00785   0.04475  0.008427   0.01466
      1/49     2.65G   0.05268   0.01056   0.02144   0.08468        14       640     0.235    0.2983    0.2181    0.1016   0.03427   0.00591   0.01362
      2/49     3.47G    0.0456  0.009494   0.01902   0.07411         8       640    0.2676    0.4597     0.301     0.205   0.02409  0.004654   0.01342
      3/49     3.47G   0.04668  0.008302   0.01806   0.07304        15       640    0.3906    0.6653    0.5326    0.2862   0.03357  0.003299   0.01205
      4/49     3.47G   0.04213  0.007785   0.01698    0.0669        10       640    0.6884    0.5355    0.5475    0.2861   0.03715   0.00313   0.01231
      5/49     3.47G   0.03144  0.007377   0.01488    0.0537        12       640    0.4922    0.5142    0.4952    0.2505   0.04013  0.002743   0.01192
      6/49     3.47G   0.03268  0.007618   0.01444   0.05474        17       640    0.5071    0.8461    0.6765    0.4806   0.03435  0.002485   0.01158
      7/49     3.47G   0.03188  0.007317   0.01363   0.05283         8       640    0.6211    0.6299    0.6506    0.3834   0.03718  0.002386    0.0104
      8/49     3.47G   0.03286  0.007157   0.01448   0.05449        15       640    0.5738    0.9284    0.7316     0.534   0.03378  0.002211   0.01096
      9/49     3.48G    0.0334   0.00741   0.01337   0.05419        14       640      0.53    0.9204    0.6654    0.3674   0.03334  0.002274  0.009801
     10/49     3.48G   0.03426  0.007404   0.01333     0.055        10       640     0.555    0.8184    0.6451    0.3611   0.02961  0.002962   0.01082
     11/49     3.48G    0.0284  0.007254   0.01195    0.0476         8       640    0.6681    0.8362    0.7491    0.4216   0.03576  0.002217  0.008357
     12/49     3.48G   0.02383  0.007081   0.01146   0.04237        12       640     0.628    0.6713    0.6501    0.4671   0.03292  0.002099   0.01029
     13/49     3.48G   0.02207  0.006732   0.01071   0.03952         7       640    0.5083    0.8962    0.6673    0.4151    0.0324  0.002286   0.01091
     14/49     3.48G   0.02314  0.006689   0.01077    0.0406        13       640    0.6867    0.9357    0.7504    0.5705   0.03234   0.00188  0.009048
     15/49     3.48G   0.02313  0.006688   0.01104   0.04086        12       640    0.7625    0.8914    0.8351    0.6427    0.0322  0.002327  0.008862
     16/49     3.48G   0.02273  0.006457   0.01023   0.03942        10       640    0.6681    0.8561    0.7557    0.6177   0.03171  0.001862  0.008948
     17/49     3.48G   0.02521  0.006293   0.01091   0.04242        12       640    0.4451    0.5847    0.5691    0.4358   0.02014  0.002954  0.009336
     18/49     3.48G   0.02236  0.007101   0.01056   0.04002        15       640    0.6169    0.8994    0.8414    0.6587   0.02059   0.00221   0.00325
     19/49     3.48G   0.02402   0.00677   0.01023   0.04101        12       640    0.8615    0.7995    0.9152    0.7428   0.01885  0.001943  0.003222
     20/49     3.48G    0.0225  0.006694  0.009356   0.03855        10       640    0.9024    0.8444    0.9232    0.6797   0.02005  0.001897   0.00382
     21/49     3.48G    0.0236  0.006269  0.009221   0.03909        14       640     0.852    0.9152    0.9443     0.661   0.02636  0.001884   0.00361
     22/49     3.48G   0.02097  0.006193  0.008328   0.03549         9       640    0.9383    0.7637    0.9119    0.7275   0.01861  0.001862  0.003186
     23/49     3.48G    0.0206  0.006422  0.009009   0.03603        16       640    0.9665    0.8781    0.9779    0.7631   0.01486  0.001797  0.002738
     24/49     3.48G   0.02349  0.006383  0.009562   0.03943         9       640     0.917    0.9024     0.964    0.7877   0.01653  0.001764  0.002956
     25/49     3.48G    0.0198  0.006397   0.00843   0.03463        15       640    0.8632    0.8611    0.9391    0.7073   0.01657  0.001867  0.003895
     26/49     3.48G   0.01942  0.006012  0.008255   0.03369        10       640    0.9062    0.9326    0.9414    0.7936   0.01435  0.001641  0.003052
     27/49     3.48G   0.01886  0.006247  0.007282   0.03239         8       640    0.9997    0.9271    0.9884    0.8112   0.01687  0.001761   0.00356
     28/49     3.48G   0.02222  0.006392  0.008343   0.03695         9       640    0.9302    0.9289    0.9795    0.8451   0.01113  0.001608  0.003051
     29/49     3.48G   0.01934  0.005983  0.008465   0.03379        15       640    0.9571    0.9563     0.979    0.8282   0.01863  0.001634  0.002084
     30/49     3.48G   0.02187  0.006005  0.009022    0.0369         9       640    0.9808    0.9376    0.9887    0.8281   0.01825  0.001605  0.001428
     31/49     3.48G   0.02407  0.006255  0.009391   0.03971        10       640    0.8346    0.8888    0.9437    0.7607   0.01878  0.001699  0.002408
     32/49     3.48G   0.01745    0.0062  0.007086   0.03074        16       640    0.9783    0.9629    0.9909    0.8233   0.01852  0.001588  0.001495
     33/49     3.48G   0.02183  0.005859  0.006902   0.03459        13       640     0.958    0.9629    0.9886    0.8208   0.01828  0.001648  0.001538
     34/49     3.48G   0.01849  0.005813   0.00718   0.03148         9       640    0.9613    0.9676    0.9931    0.8461   0.01818  0.001544  0.001456
     35/49     3.48G   0.01648  0.005548  0.006027   0.02806         8       640    0.9941     0.963    0.9949    0.8536   0.01803  0.001487  0.001824
     36/49     3.48G   0.01676  0.005894  0.006551    0.0292        11       640    0.9616    0.9629    0.9889    0.8577   0.01771  0.001536  0.001446
     37/49     3.48G   0.01805  0.005928  0.006678   0.03065         8       640     0.963    0.9867     0.986    0.8421   0.01777   0.00157  0.001593
     38/49     3.48G     0.019  0.005781  0.007188   0.03197        10       640    0.9843    0.9735    0.9933    0.8082   0.01827  0.001535  0.001301
     39/49     3.48G    0.0259  0.006049  0.008885   0.04084        18       640    0.8952     0.939    0.9662     0.796   0.01745  0.001778  0.001922
     40/49     3.48G   0.02315  0.006342  0.008259   0.03776        20       640    0.9422    0.9629     0.983    0.7843    0.0163  0.001749  0.001595
     41/49     3.48G   0.02484  0.006311   0.00856   0.03971        15       640    0.9537    0.9324     0.975    0.7633    0.0168  0.001937  0.001743
     42/49     3.48G   0.02089  0.006114  0.007671   0.03467         9       640    0.9598    0.9326    0.9838    0.8057   0.01606  0.001622  0.001772
     43/49     3.48G   0.02044  0.006239  0.007382   0.03406         6       640    0.9455    0.9867    0.9925    0.8126   0.01671  0.001568  0.001644
     44/49     3.48G   0.01968  0.005715  0.007144   0.03254         6       640    0.9656    0.9761    0.9913    0.8403   0.01516  0.001579  0.001296
     45/49     3.48G   0.02293  0.005977  0.008052   0.03696         9       640    0.9629    0.9629    0.9914    0.8644   0.01517   0.00151   0.00149
     46/49     3.48G   0.02217  0.005983  0.007051    0.0352        14       640    0.9958    0.9564    0.9953    0.8344   0.01549  0.001515  0.001272
     47/49     3.48G   0.02031  0.005718  0.007091   0.03312        15       640    0.9685    0.9967    0.9956    0.8456   0.01532  0.001478  0.001206
     48/49     3.48G   0.01592  0.005608  0.006059   0.02759        14       640    0.9642    0.9986    0.9956    0.8282    0.0141  0.001539  0.001121
     49/49     3.48G   0.01888  0.005775  0.006277   0.03093        14       640    0.9765    0.9867    0.9956    0.8438   0.01425  0.001509  0.001176
